Account Name,		Password,	Age,	Expectation,  	Aim,    Performance Rate (Jumps per min.),  Perceived Exertion,  	Mood Score,        	Energy Level,	Total Time (min.)
           ,		,       ,	,0,	,0,  		,0,	,"[35, 72, 89, 41, 68, 95]",	,"[3, 7, 2, 8, 1, 9]",  ,"[1, 2, 3, 4, 5, 6]", ,"[1, 3, 5, 7, 9, 10]",		,0
End_User#2!,		P@ssW2d,	45,	70,		9,	,"[57, 23, 84, 63, 49, 76]",	,"[5, 10, 4, 2, 1, 6]",  ,"[7, 8, 9, 10, 1, 2]", ,"[2, 4, 6, 8, 10, 1]",	182
Us3r_Acc0unt321,	Ch@rm7Xy,	68,	66,		10,	,"[92, 31, 78, 56, 99, 45]",	,"[8, 3, 9, 7, 1, 4]",  ,"[3, 4, 5, 6, 7, 8]", ,"[3, 5, 7, 9, 2, 4]",		213
End_User#3!,		P@ssW2d1,	23,	89,  		3,	,"[47, 90, 21, 59, 77, 94]",	,"[6, 2, 10, 5, 3, 8]",  ,"[9, 10, 1, 2, 3, 4]", ,"[4, 6, 8, 10, 3, 5]",	793
Us3r_Acc0unt132,	Ch@rm7Xy1,	18,	120,  		1,	,"[64, 85, 27, 73, 38, 60]",	,"[9, 4, 1, 10, 6, 2]",  ,"[5, 6, 7, 8, 9, 10]", ,"[5, 7, 9, 1, 4, 6]",		250
End_User#4!,		P@ssW2d2,	34,	97,  		5,	,"[30, 70, 55, 81, 42, 88]",	,"[7, 3, 8, 5, 1, 9]",  ,"[2, 3, 4, 5, 6, 7]", ,"[6, 8, 10, 2, 5, 7]",		53
Us3r_Acc0unt312,	Ch@rm7Xy2,	76,	49,  		9,	,"[98, 62, 37, 80, 25, 52]",	,"[10, 6, 4, 7, 2, 3]",  ,"[8, 9, 10, 1, 2, 3]", ,"[7, 9, 1, 3, 6, 8]",		193
End_User#5!,		P@ssW2d3,	42,	55,  		12,	,"[76, 22, 44, 69, 96, 34]",	,"[2, 9, 3, 8, 4, 1]",  ,"[4, 5, 6, 7, 8, 9]", ,"[8, 10, 2, 4, 7, 9]",		454
Us3r_Acc0unt122,	Ch@rm7Xy3,	69,	75,  		6,	,"[53, 87, 67, 40, 71, 26]",	,"[5, 10, 7, 1, 9, 3]",  ,"[10, 1, 2, 3, 4, 5]", ,"[9, 1, 3, 5, 8, 10]",	722
End_User#6!,		P@ssW2d4,	19,	89,  		4,	,"[81, 93, 61, 28, 54, 79]",	,"[8, 4, 6, 2, 10, 5]",  ,"[6, 7, 8, 9, 10, 1]", ,"[10, 2, 4, 6, 9, 1]",	863
Us3r_Acc0unt133,	Ch@rm7Xy4,	22,	97,  		5,	,"[20, 75, 51, 36, 66, 91]",	,"[1, 7, 3, 9, 6, 2]",  ,"[3, 2, 1, 6, 5, 4]", ,"[1, 4, 7, 10, 2, 5]",		353
End_User#7!,		P@ssW2d5,	88,	67,  		11,	,"[65, 82, 29, 43, 97, 50]",	,"[4, 8, 5, 1, 10, 7]",  ,"[9, 8, 7, 10, 2, 1]", ,"[2, 5, 8, 1, 3, 6]",		111
Us3r_Acc0unt223,	Ch@rm7Xy5,	54,	80,  		7,	,"[39, 68, 89, 24, 58, 83]",	,"[9, 2, 6, 3, 8, 4]",  ,"[4, 3, 2, 7, 6, 5]", ,"[3, 6, 9, 2, 4, 7]",		211
End_User#8!,		P@ssW2d6,	43,	75,  		6,	,"[70, 41, 95, 52, 84, 31]",	,"[7, 5, 10, 4, 2, 9]",  ,"[10, 9, 8, 1, 3, 2]", ,"[4, 7, 10, 3, 5, 8]",	566
Us3r_Acc0unt113,	Ch@rm7Xy6,	65,	82,  		8,	,"[56, 80, 23, 49, 76, 62]",	,"[3, 6, 1, 9, 7, 5]",  ,"[5, 4, 3, 8, 7, 6]", ,"[5, 8, 1, 4, 6, 9]",		313
End_User#9!,		P@ssW2d7,	37,	92,  		3,	,"[33, 97, 45, 72, 38, 65]",	,"[10, 3, 8, 2, 6, 4]",  ,"[1, 10, 9, 2, 4, 3]", ,"[6, 9, 2, 5, 7, 10]",	152
Us3r_Acc0unt323,	Ch@rm7Xy7,	29,	101,  		2,	,"[59, 61, 10, 75, 83, 13]",	,"[1, 7, 4, 5, 9, 2]",  ,"[6, 5, 4, 9, 8, 7]", ,"[7, 10, 3, 6, 8, 1]",		179
